# BLUE: tile seq     <mag> cat x y <err> <err>r filt chi2w chi2r nhip that te A1max t0 Ablu0 chi2dof probfit delc2 fnhip fachrom befaft crdrej pchi2 pnum pnumf probin probout ra dec
#77008   108    -9.166   1    1541.5    1395.1   0.01523   0.01502     256.1     206.4     139.8    9         0         0         0          0         0         0         0         0   0         0      0        0         0   0   0         0         0 81056 -69500.7
#    time delta-mag delta-mag-err obsid   seeing   sky     airmass version type dsky psfc2 crd cosm miss pier
 218.7758    0.1545   0.01648   771  5.926   2695      0  63  1     0  134    0    0    0  0
 219.8242     0.471   0.02099   810  4.312   6273      0  63  1     0  126    0    0    0  0
  220.776    0.4521   0.02102   845  7.008   3272      0  63  1     0  105    9    0    0  0
 226.7787   -0.2195    0.0113   868   5.38 1.125e+04      0  63  1     0  119    0    0    0  0
 259.6066    0.4805   0.02091  1100   3.86   6002      0  63  1     0  214    0    0    0  0
  261.618    0.2823   0.01811  1103  5.479   3553      0  63  1     0  153    0    0    0  0
 261.6642    0.2753   0.01801  1113  4.913   3910      0  63  1     0  165    0    0    0  0
 261.7043    0.2624   0.01783  1123  5.118   4007      0  63  1     0  193    0    0    0  0
 261.7801      0.28   0.01827  1130  6.671   3863      0  63  1     0  159    4    0    0  0
 262.5851    0.1545    0.0163  1137  3.853   3679      0  63  1     0  224    0    0    0  0
 264.6492  -0.06932   0.01372  1178  6.824   3556      0  62  1     0   93    7    0    0  0
 265.7041   -0.1675   0.01188  1200  4.976   3198      0  63  1     0  194    0    0    0  0
 269.7287  -0.01463   0.01391  1223  5.129   2803      0  63  1     0  156    0    0    0  0
 271.7101    0.3614   0.01943  1236  6.353   2673      0  63  1     0  153    0    0    0  0
 272.6892    0.4791  -0.02089  1260  3.381   3050      0  62  1     0  176  255    0  203  0
  272.692    0.4859   0.02098  1261  3.809   1642      0  62  1     0  168    0    0    0  0
 272.7019      0.49  -0.02126  1264  3.622  918.3      0  63 41     0  130    0    0    0  0
 273.7376    0.4322   0.02022  1282  4.512   3468      0  63  1     0  153    0    0    0  0
 278.7684   -0.1682   0.01226  1298  6.563   3404      0  62  1     0  224    0    0    0  0
 278.7747   -0.1751   0.01165  1299  4.038   4824      0  62  1     0  149    0    0    0  0
 283.5562   0.01111   0.01464  1302  4.983 2.305e+04      0  63  1     0  136    0    0    0  0
 283.6081 -0.008255   0.01415  1314  4.059 2.301e+04      0  63  1     0  111    0    0    0  0
 284.5422    0.2291   0.01754  1317  3.815 2.296e+04      0  63  1     0  141    0    0    0  0
 285.4272    0.4138  -0.02018  1330  2.777   8495      0  62  1     0  212  255    0  233  0
 285.5365    0.4588   -0.0206  1347  3.213 1.445e+04      0  62  1     0  145  255    0  224  0
 285.6634    0.4548  -0.02076  1360  3.007 1.186e+04      0  62  1     0  178  255    0  240  0
 286.5452    0.4468  -0.02043  1372  3.067   9986      0  63  1     0  184  255    0  231  0
 291.7264   -0.1574    0.0122  1386  6.091   3629      0  62  1     0  143    0    0    0  0
 292.5784   -0.2166   0.01208  1397   7.85   3546      0  63  1     0   73   19    0    0  0
 293.6626   -0.2449   0.01078  1436   4.78   3033      0  62  1     0  142    0    0    0  0
 295.6912  -0.03617  -0.01361  1504  2.842   3129      0  62  1     0  206  255    0  206  0
 296.5012 -0.009168   0.01399  1520  3.462   3797      0  63  1     0  190    0    0    0  0
  297.477    0.1251   0.01589  1571   3.27   3846      0  63  1     0  167    0    0    0  0
 300.6967    0.3074   0.01968  1583   3.94   4004      0  63  1     0  107    0    0    0  0
 304.4445   -0.1298   0.01242  1598  5.175   5263      0  63  1     0  160    0    0    0  0
 305.4802   -0.2079    0.0113  1664  3.963   5852      0  53  1     0  173    0    0    0  0
 306.4279   -0.2407   0.01099  1714  4.744   7800      0  53  1     0  156    0    0    0  0
  306.663   -0.2414   0.01071  1763  3.866   3053      0  53  1     0  188    0    0    0  0
 307.4311    -0.202   0.01262  1780  7.357 1.03e+04      0  53  1     0   94   14    0    0  0
 308.4151  -0.06157   0.01359  1799  5.017 1.137e+04      0  53  1     0  123    0    0    0  0
 308.6136  -0.04852   0.01344  1834  3.731   6197      0  53  1     0  130    0    0    0  0
 309.7462 -0.0009201   0.01426  1868  3.973   5469      0  53  1     0  125    0    0    0  0
 310.4586    0.1128   0.01571  1871  3.415 1.664e+04      0  53  1     0  173    0    0    0  0
 310.6732    0.1792   0.01665  1892  3.728   7745      0  53  1     0  223    0    0    0  0
  312.524    0.4642  -0.02316  1898  8.377 1.985e+04      0  53  1     0  110   23    0    0  0
 314.5944    0.2023   0.01716  1926   5.51 1.238e+04      0  53  1     0  146    0    0    0  0
 315.4567   0.09345   0.01544  1953  4.319   4656      0  53  1     0  141    0    0    0  0
 316.4889  -0.01372   0.01393  2014   4.05   3483      0  53  1     0  136    0    0    0  0
 316.6468   -0.0335   0.01379  2040  4.686   7799      0  53  1     0  145    0    0    0  0
 318.5465   -0.2151    0.0112  2058  3.745   3890      0  53  1     0  156    0    0    0  0
 318.6713   -0.2086   0.01146  2084  4.383   5811      0  53  1     0  182   18    0    0  0
 324.5791    0.4494   0.02068  2095  7.018   2747      0  53  1     0  105   10    0    0  0
 324.7026    0.4928    0.0213  2119  7.106   2291      0  53  1     0  136   11    0    0  0
 325.6285    0.4682  -0.02073  2137   3.06   2768      0  53  1     0  185  255    0  237  0
 326.4835    0.3817  -0.01951  2156  3.435   3560      0  53  1     0  164  255    0  195  0
 341.6338    0.1148   0.01614  2179  6.028 1.031e+04      0  53  1     0  134    0    0    0  0
 342.4685         0   0.01427  2200  4.983 1.568e+04      0  43  1     0  136    0    0    0  0
  342.607  -0.00276   0.01423  2226  4.958 1.658e+04      0  53  1     0  138    0    0    0  0
 342.7129  -0.02636   0.01375  2238  3.787 1.399e+04      0  53  1     0  153    0    0    0  1
 343.4633  -0.09051   0.01284  2245  3.726 1.291e+04      0  43  1     0  137    0    0    0  0
 343.5872   -0.1005   0.01302  2269   4.36 1.39e+04      0  43  1     0  150   13    0    0  0
 343.7243   -0.1274  -0.01263  2298  4.752 1.339e+04      0  43  1     0  132    0    0  196  1
 344.6893   -0.2093   0.01145  2303  4.379 1.713e+04      0  53  1     0  227    0    0    0  0
 344.7082   -0.2144   0.01109  2307  3.553 1.037e+04      0  53  1     0  158    0    0    0  0
 344.7263   -0.2151   0.01108  2308  3.359 1.134e+04      0  53  1     0  174    0    0    0  1
 350.7406    0.4138  -0.02047  2313  4.367 1.585e+04      0  43  1     0  134    0    0  101  1
 351.5138     0.508   0.02129  2316  4.213   3436      0  53  1     0  142    0    0    0  0
 360.6562   -0.1096   0.01257  2324  4.366   2351      0  43  1     0  151    0    0    0  0
 360.6682   -0.1177   0.01246  2326    4.7   2378      0  43  1     0  122    0    0    0  1
  361.463  -0.03528   0.01362  2330  4.434   3161      0  53  1     0  150    0    0    0  0
  361.588  -0.02636   -0.0154  2351  8.891   2396      0  53  1     0   79   33    0    0  0
 361.5927  -0.01463   0.01483  2352  8.276   2304      0  53  1     0  105   28    0    0  0
 361.5975  -0.02546   0.01436  2353  7.601   2396      0  53  1     0  100   19    0    0  0
  361.636  -0.01825   0.01401  2354  5.708   2202      0  53  1     0  122    0    0    0  1
 362.4929  -0.01281   0.01394  2372  4.256   2678      0  43  1     0  179    0    0    0  0
 362.6085  0.002767   0.01416  2396  2.944   2348      0  43  1     0  191    0    0    0  0
 362.6512   0.01018   0.01426  2403  3.885   1991      0  43  1     0  253    0    0    0  1
 362.7226   0.02991   0.01454  2410  4.378   2227      0  43  1     0  213    0    0    0  1
 364.4764    0.5052  -0.02125  2413  2.887   4086      0  43  1     0  205  255    0  233  0
 364.6041    0.4887   0.02089  2438  3.813   2488      0  43  1     0  206    0    0    0  0
 364.6543    0.4914   0.02093  2444  3.102   2342      0  43  1     0  218    0    0    0  1
 365.4652    0.4322   0.02022  2463  4.962   5346      0  53  1     0  144    0    0    0  0
 365.6597     0.397   0.01973  2497  4.145   2241      0  53  1     0  190    0    0    0  1
 366.5975    0.2624   0.01801  2539  4.376   2935      0  43  1     0  177    0    0    0  0
 372.5016   -0.2173   0.01133  2546  4.568 2.236e+04      0  43  1     0  122    0    0    0  0
 373.4388   -0.1504     0.012  2551  3.192 1.103e+04      0  43  1     0  155    0    0    0  0
 373.5526   -0.1362    0.0122  2575  3.378 1.284e+04      0  43  1     0  184    0    0    0  0
 373.6763   -0.1177  -0.01246  2597  3.451 1.492e+04      0  43  1     0  158    0    0  102  1
 375.4404 -0.004595   0.01406  2612  3.472   4403      0  43  1     0  188    0    0    0  0
 375.5504   0.01018   0.01426  2635  4.226   7615      0  43  1     0  180    0    0    0  0
 375.6682   0.03944  -0.01483  2657  4.243   9833      0  43  1     0  175    0    0  199  1
 377.4544    0.4777   0.02087  2680  5.091   2582      0  43  1     0  123    0    0    0  0
 377.6339    0.5205  -0.02201  2715  4.523 1.049e+04      0  43  1     0  148    0    0  109  1
 378.4436     0.423  -0.02009  2730  2.789   3382      0  43  1     0  221  255    0  235  0
 378.6355    0.4441  -0.02039  2767  4.359   4168      0  43  1     0  190    0    0  192  1
 379.4413    0.3026   0.01839  2792   4.59   3667      0  43  1     0  195    0    0    0  0
 380.4798     0.188    0.0172  2811  5.874   3654      0  43  1     0  117    0    0    0  0
 380.6289    0.1556  -0.01632  2825  4.014   2760      0  43  1     0  164    0    0  105  1
 381.4331   0.05779   0.01494  2840  3.095   6596      0  43  1     0  161    0    0    0  0
 383.4504   -0.1528   0.01196  2847  3.496   2631      0  43  1     0  167    0    0    0  0
 383.6344   -0.1605  -0.01198  2882  5.355   1777      0  43  1     0  139    0    0  186  1
 384.4443   -0.2202   0.01113  2907  5.481   3361      0  43  1     0  115    0    0    0  0
 384.6121   -0.2287  -0.01101  2931  3.594   2221      0  43  1     0  167  255    0  206  1
 387.5243  0.005542       -99  2949      0      0      0  43  0     0    0  128    0  128  0
 387.6142  -0.01916  -0.01385  2962  2.615   2037      0  43  1     0  161    0    0  116  1
 388.5296  0.005542   0.01435  2976  6.367   2199      0  53  1     0  100    0    0    0  0
 388.6131   0.01859  -0.01475  2990  6.498   2013      0  43  1     0  116    2    0  180  1
  391.619    0.4335   0.02024  2995  5.876   1871      0  43  1     0  130    0    0    0  1
 391.7521    0.4669   0.02124  3017  8.218   2612      0  43  1     0  139   23    0    0  1
 392.4391    0.3146  -0.01856  3020  3.379   4136      0  43  1     0  240  255    0  195  0
 392.5699    0.3062   0.01833  3045   3.13   2154      0  43  1     0  213    0    0    0  1
 393.4424    0.1869   0.01676  3085  5.156   3353      0  43  1     0  170    0    0    0  0
 393.6028    0.1717   0.01654  3107   3.68   1902      0  43  1     0  177    0    0    0  1
 395.5958  -0.05637   0.01332  3165  2.979   1839      0  43  1     0  205    0    0    0  1
  397.713   -0.2344   0.01093  3233  5.117   1878      0  43  1     0  175    0    0    0  1
 398.5886   -0.2449   0.01066  3270  2.731   5516      0  43  1     0  183    0    0    0  1
 401.7566   0.03181   -0.0159  3322  6.332 2.689e+04      0  43  1     0  124    5    0  167  1
 402.5029    0.1631   0.01642  3336  3.504 1.755e+04      0  43  1     0  188    0    0    0  1
 402.6851    0.2439   0.01757  3363  4.304 2.443e+04      0  43  1     0  201    0    0    0  1
 406.4399    0.2156   0.01717  3372  4.062   2728      0  43  1     0  189    0    0    0  0
 408.4608  -0.01281   0.01409  3395  5.617   2555      0  43  1     0  125    0    0    0  0
 409.4364   -0.1306   0.01241  3401  5.218   2589      0  43  1     0  144    0    0    0  0
 409.5539   -0.1346  -0.01495  3423  5.585   4028      0  43  1     0  105    0    0  170  1
  411.486   -0.2456   0.01065  3486  2.963   2137      0  43  1     0  173    0    0    0  0
 412.5629   -0.1804    0.0117  3491  4.801   2172      0  43  1     0  153    0    0    0  1
 413.6426  -0.01735  -0.01423  3501  6.538   2167      0  43  1     0  193  255    0  181  1
 414.4222   -0.0119   0.01395  3529   4.11   2856      0  43  1     0  193    0    0    0  0
 414.6533  -0.02006   0.01384  3570  3.587   2470      0  43  1     0  205    0    0    0  1
 417.4818    0.4859   0.02085  3592  4.693   2528      0  53  1     0  178    0    0    0  0
 417.6842    0.4494  -0.02068  3608  6.174   2292      0  53  1     0  149    0    0  179  1
 418.6203    0.3378   0.01909  3614  4.779   2466      0  53  1     0  139    0    0    0  1
 419.4413    0.2371  -0.01747  3619  4.623   2315      0  53  1     0  237    0    0  126  1
 420.4388    0.1026   0.01557  3683  3.175   2625      0  53  1     0  200    0    0    0  0
 420.5401   0.09749    0.0155  3701  4.365   2330      0  53  1     0  167    0    0    0  1
 421.6039  -0.04501   0.01407  3762  7.307   2069      0  53  1     0  112   11    0    0  1
 422.4231   -0.1128   0.01253  3799  4.102   3236      0  53  1     0  163    0    0    0  0
 422.5291   -0.1322   0.01225  3818   3.66   2214      0  53  1     0  174    0    0    0  1
 423.5797   -0.2079  -0.01289  3865  9.032   2251      0  53  1     0   92   30    0  145  1
 424.4889   -0.2302   0.01135  3890  7.454   3252      0  53  1     0  103   16    0    0  0
 425.4192   -0.1991   0.01143  3893  5.008   4899      0  53  1     0  147    0    0    0  0
 425.5226   -0.1968   0.01134  3912  4.441   3570      0  53  1     0  164    0    0    0  1
 426.4189  -0.07955     0.013  3960  4.653   5788      0  53  1     0  159    0    0    0  0
 426.5605  -0.05984   0.01342  3984  4.992   4307      0  53  1     0  152    0    0    0  1
 427.5826  -0.02815   0.01387  4023  5.763   6370      0  53  1     0  147    0    0    0  1
 428.4154   0.05779   0.01494  4050  4.769 1.041e+04      0  53  1     0  196    0    0    0  0
 430.5249  0.005542       -99  4063      0      0      0  43  0     0    0  128    0  128  1
 432.6515    0.2394  -0.01769  4097  4.567 2.532e+04      0  43  1     0  134    0    0  169  1
 435.4065  -0.09967   0.01271  4118  4.169   2641      0  43  1     0  166    0    0    0  0
 436.4164   -0.1924    0.0114  4121  3.562   2333      0  43  1     0  200    0    0    0  0
 437.3997     -0.24   0.01073  4162  3.522   2809      0  43  1     0  222    0    0    0  0
 437.5267   -0.2689   0.01746  4184  5.197   3139      0  43  1     0  105    0    0    0  1
 437.6433   -0.2223   -0.0111  4185  4.298   5378      0  43  1     0  151    0    0  133  1
 438.4022   -0.2144   0.01109  4203  3.095   2856      0  53  1     0  217    0    0    0  0
 438.5828   -0.1983  -0.01132  4225  4.023   2879      0  53  1     0  164    0    0   98  1
 439.4002  -0.09385    0.0128  4249  3.807   3013      0  43  1     0  157    0    0    0  0
 441.4994    0.0539   0.01488  4272  3.673   2458      0  53  1     0  203    0    0    0  1
 441.6364   0.08243   0.01528  4297  4.584   2367      0  53  1     0  148    0    0    0  1
 442.4337    0.3791   0.01935  4328  3.627   3002      0  53  1     0  251    0    0    0  0
 442.6195    0.4296   0.02006  4359  3.333   2278      0  53  1     0  199    0    0    0  1
 443.5042     0.515   0.02139  4395  3.548   2877      0  53  1     0  181    0    0    0  1
 444.3941    0.4151   0.01998  4419  5.446   2550      0  53  1     0  124    0    0    0  0
 444.5359    0.3817   0.01951  4443  5.444   2103      0  53  1     0  173    0    0    0  1
 445.4512    0.2566   0.01763  4469   3.02   2323      0  53  1     0  182    0    0    0  1
  446.405    0.1418   0.01612  4523  3.977   2441      0  53  1     0  137    0    0    0  0
  446.556    0.1293   0.01595  4548  3.595   2202      0  53  1     0  177    0    0    0  1
 451.3908   -0.2309   0.01098  4593  4.574   2601      0  53  1     0  124    0    0    0  0
 451.5277   -0.2216   0.01147  4615  6.853   1965      0  53  1     0  114    8    0    0  1
  452.382   -0.1226   0.01252  4631  5.713   3787      0  53  1     0  136    0    0    0  0
 452.6425  -0.09967   0.01303  4655   6.76   2748      0  53  1     0  107    6    0    0  1
 453.4326  -0.01644  -0.01404  4686  5.256   3229      0  53  1     0  185    0    0  122  1
 453.5773   -0.0119    0.0141  4712  5.748   2275      0  53  1     0  129    0    0    0  1
 454.4226   0.02235   0.01459  4760  2.822   7181      0  53  1     0  213    0    0    0  1
 455.6689    0.4217  -0.02058  4792   6.76   2680      0  53  1     0  130    5    0  149  1
 457.4886    0.4322   0.02022  4830  3.066 1.086e+04      0  53  1     0  193    0    0    0  1
  459.438    0.1588   0.01654  4887  5.586 1.758e+04      0  53  1     0  148    0    0    0  1
 460.3781   0.05487   0.01555  4955  7.038 1.971e+04      0  53  1     0  112   13    0    0  0
 460.5019   0.01111   0.01522  4977  6.789 2.692e+04      0  53  1     0  136    0    0    0  1
 461.4197  -0.07274   0.01323  4999  4.205 1.907e+04      0  53  1     0  148    0    0    0  1
 462.4048   -0.1659   -0.0119  5012  4.258   9183      0  53  1     0  155    0    0  131  1
 463.4119   -0.2266   0.01092  5021  3.804   4453      0  53  1     0  159    0    0    0  1
 463.5302   -0.2435    0.0108  5044  4.441   9770      0  53  1     0  165    0    0    0  1
  464.532    -0.228   0.01102  5093  3.781   6989      0  53  1     0  128    0    0    0  1
 469.4035    0.4969   0.02114  5244  4.014   3330      0  53  1     0  197    0    0    0  1
 470.3718    0.4401  -0.02021  5260  3.087   2751      0  53  1     0  253    0    0   86  1
  472.372    0.1749  -0.01659  5381  2.503   3602      0  53  1     0  211    0    0   84  1
 473.3751   0.06955    0.0151  5475   3.19   2856      0  53  1     0  221   10    0    0  1
 473.4812   0.03753   0.01465  5498  3.485   2039      0  53  1     0  196    0    0    0  1
 474.3769  -0.05027  -0.01355  5571  3.048   2927      0  53  1     0  193    9    0   94  1
 474.5043  -0.05811   -0.0133  5593   3.65   2386      0  53  1     0  208    0    0   78  1
 475.3844   -0.1644    0.0118  5665   3.01   2580      0  53  1     0  223    0    0    0  1
 475.4771   -0.1605   0.01185  5685  3.829   2250      0  53  1     0  157    0    0    0  1
 476.3645   -0.2252   0.01094  5702  3.371   3076      0  53  1     0  221    0    0    0  1
 476.4659   -0.2245   0.01107  5724  3.579   2626      0  53  1     0  143    0    0    0  1
  477.362   -0.2323  -0.01096  5808  2.831   3210      0  53  1     0  203    0    0   86  1
 477.4651   -0.2358   0.01079  5830  3.071   2095      0  53  1     0  197    0    0    0  1
 478.3772   -0.1605  -0.01185  5868  3.473   2272      0  53  1     0  178    0    0  156  1
 480.3733  0.001844  -0.01415  5895   4.11   2660      0  53 41     0  192    0    0    0  1
 480.4746  0.007396   0.01423  5917  3.251   2313      0  53  1     0  181    0    0    0  1
 481.5282     0.299  -0.01834  5954  3.728   2405      0  53  1     0  214    0    0  167  1
 483.4546    0.4441   0.02039  6022  4.705   4605      0  53  1     0  190    0    0    0  1
 483.5582    0.4415   0.02035  6044  4.599   3081      0  53  1     0  181    0    0    0  1
 484.3706    0.3195   0.01863  6057  2.755   5554      0  53  1     0  247    0    0    0  1
  484.525    0.3207  -0.01865  6087  3.942   6462      0  53  1     0  152    0    0  119  1
 485.3768    0.1825   -0.0167  6124  3.427   7889      0  53 41     0  217    0    0    0  1
 486.4098    0.0666   0.01522  6225  3.972 1.459e+04      0  53  1     0  164    0    0    0  1
 488.4375    -0.141   0.01266  6291  6.154 1.784e+04      0  53  1     0  123    0    0    0  1
 489.3818   -0.2223   0.01098  6375   3.15 1.767e+04      0  53  1     0  193    0    0    0  1
 491.3675   -0.1743   0.01178  6462  4.175   7767      0  53  1     0  141    0    0    0  1
  492.528  -0.02725  -0.01388  6540  3.734 1.576e+04      0  53 41     0  128    0    0    0  1
 494.3704    0.1825    0.0167  6550   4.58   2710      0  53  1     0  204    0    0    0  1
 495.3521  0.005542       -99  6639      0      0      0  53  0     0    0  128    0  128  1
 497.3512    0.3527    0.0191  6699  5.071   2991      0  53  1     0  161    0    0    0  1
 499.3788    0.0985    0.0159  6853   8.19   2268      0  53  1     0  142    9    0    0  1
 500.3589  -0.04325   0.01351  6924  4.638   2753      0  53  1     0  198    0    0    0  1
  501.358    -0.137   0.01219  7025   4.09   2817      0  53  1     0  183    0    0    0  1
 502.3934   -0.2122   0.01112  7138  3.155   2739      0  53  1     0  174    0    0    0  1
 503.3527   -0.2365  -0.01089  7245  3.313   3168      0  53 41     0  173    9    0    0  1
 504.3569   -0.1827   0.01166  7351  3.214   3296      0  53  1     0  184    1    0    0  1
 504.8163   -0.1282   0.01262  7457  5.539   3904      0  53  1     0  159    0    0    0  0
 507.3967    0.1231   0.01626  7461   7.58   2360      0  53  1     0   88   16    0    0  1
 508.4951    0.4151   0.02049  7511  7.311   2594      0  53  1     0  125   12    0    0  1
   509.48    0.4955   0.02134  7522  6.814   2741      0  53  1     0  108    0    0    0  1
  510.416     0.374   -0.0194  7594  3.579   2996      0  63  1     0  198    0    0  111  1
 511.3531    0.2246   0.01729  7654  3.234   3679      0  63  1     0  253    0    0    0  1
 511.8122    0.1749   0.01659  7749  3.852   2901      0  63  1     0  200    0    0    0  0
 512.3419    0.1066  -0.01563  7754  2.798   4926      0  63 41     0  239    0    0    0  1
 515.4044   -0.1983   0.01161  7819  4.401 1.328e+04      0  63  1     0  127    0    0    0  1
 517.3567   -0.2137  -0.01244  7837  7.313 1.438e+04      0  63  1     0  102   14    0  124  1
 517.7624   -0.1574   0.01299  7889  6.339 1.41e+04      0  63  1     0  132    8    0    0  0
  518.771  -0.03706   0.01449  7951      6 2.07e+04      0  63  1     0  131    1    0    0  0
 519.7548  -0.00184  -0.01579  8009  6.634 3.14e+04      0  63  1     0  125    9    0    0  0
 520.3519   0.07746   0.01521  8031  4.341   8923      0  63  1     0  170    0    0    0  1
 520.7558    0.2045   0.01775  8072  5.979 1.922e+04      0  63  1     0  132    0    0    0  0
 521.3458     0.423  -0.01996  8093  3.682   2592      0  63 41     0  247    0    1   21  1
 522.3423    0.4602  -0.02447  8190  10.62   3654      0  63  1     0   80   53    0    0  1
 522.7563    0.4296  -0.03521  8228  11.84 1.361e+04      0  63  1     0  101   62    0    0  0
 523.3412    0.3753   0.01942  8247  5.917   3461      0  63  1     0  163    0    0    0  1
 524.8136    0.1652   0.01663  8309  5.477   8035      0  63  1     0  171    0    0    0  0
 527.8278   -0.1621  -0.01544  8312  9.663   4750      0  63  1     0   94   45    0    0  0
  528.757   -0.2195  -0.01806  8384  11.14   4126      0  63  1     0   69   55    0    0  0
 529.3408   -0.2351   0.01092  8405  4.439   3118      0  63  1     0  179    0    0    0  1
  529.753   -0.2273   0.01103  8492  5.081   3282      0  63  1     0  178    0    0    0  0
 530.3485   -0.1976  -0.01145  8512  3.516   2873      0  63 41     0  187    7    0    0  1
 531.3421  -0.08631   0.01375  8563  6.741   3933      0  63  1     0  109    8    0    0  1
 532.3878 -0.003677  -0.01468  8592   7.19   2989      0  63  1     0  119   12    0  129  1
 533.3466   0.03944   0.01483  8628  5.453   2843      0  63  1     0  134    0    0    0  1
 533.8035    0.1598   0.01679  8699  7.204   3358      0  63  1     0  106   13    0    0  0
 534.3461    0.3919   0.02015  8703   7.06   3073      0  63  1     0  110   14    0    0  1
 538.3398    0.1366  -0.01849  8716  9.595   4108      0  63  1     0   90   37    0    0  1
 538.7568   0.05877    0.0156  8804   7.79   2842      0  63  1     0   94   22    0    0  0
  539.382   0.02047  -0.01456  8824  5.057   3669      0  63  1     0  152    0    0  107  1
 539.7298  -0.01372   0.01454  8893  7.232   3138      0  63  1     0   98   15    0    0  0
 540.3441  -0.09051   0.01284  8917   3.48   4447      0  63  1     0  189    0    0    0  1
 540.7508   -0.1306   0.01241  8998  4.848   3075      0  63  1     0  178    0    0    0  0
 541.3425   -0.1759  -0.01176  9018  3.911   5693      0  63 41     0  157    8    0    0  1
 541.7375   -0.2086   0.01146  9101  6.095   3048      0  63  1     0  107    0    0    0  0
 542.3935   -0.2302   0.01114  9125  5.292   6989      0  63  1     0  139    0    0    0  1
  542.715    -0.233   0.01154  9194  7.014   3048      0  63  1     0   96   15    0    0  0
 543.4146   -0.2358   0.01768  9220  5.776 1.162e+04      0  63  1     0  107    0    0    0  1
 544.8323   -0.0494   0.01376  9274  3.528   4707      0  63  1     0  157    0    0    0  0
 545.8076  -0.01008   0.01398  9278  3.595   3050      0  63  1     0  230    0    0    0  0
 546.3419   0.02518   0.01484  9280  4.982 1.656e+04      0  63  1     0  119    0    0    0  1
 546.7535    0.1036   0.01558  9319  3.987   9450      0  63  1     0  177    0    0    0  0
 548.7339    0.5094   0.02225  9337   7.02 2.29e+04      0  63  1     0  122   14    0    0  0
 549.3392    0.4022    0.0198  9362   4.08 1.432e+04      0  63  1     0  165    0    0    0  1
 553.3441   -0.0633  -0.01337  9384  5.409   3924      0  63 41     0  109    0    0    0  1
 555.6757   -0.2302   0.01135  9514  5.198   7748      0  63  1     0  131    0    0    0  0
 556.6965   -0.1954   0.01165  9543   5.43   5660      0  63  1     0  116    0    0    0  0
 557.3459   -0.1489   0.01215  9557  5.018   4121      0  63  1     0  127    0    0    0  1
 557.6644  -0.07445   0.01321  9625  5.112   3650      0  63  1     0  145    0    0    0  0
 558.3595  -0.00184   0.01502  9663  5.101   3819      0  63  1     0  114    0    0    0  1
 558.8109 -0.0009201   0.01411  9738  3.686   3007      0  63  1     0  219    0    0    0  0
 559.7428    0.0617   0.01565  9745  7.509   3096      0  63  1     0  101   21    0    0  0
  559.831   0.09547   0.01547  9763  4.935   2890      0  63  1     0  132    0    0    0  0
 560.6437    0.3906   0.02093  9804  8.235   3313      0  63  1     0   93   32    0    0  0
 560.7698    0.4296   0.02019  9828  4.797   3380      0  63  1     0  173    0    0    0  0
 561.3563    0.5234   0.02151  9838  4.329   3475      0  63  1     0  195    0    0    0  1
 561.7139    0.4997    0.0214  9904  6.387   3302      0  63  1     0  132    5    0    0  0
 562.3528    0.4468   0.02043  9932  4.409   3505      0  63  1     0  191    0    0    0  1
 563.3439    0.3219   0.01867  9994  3.981   6835      0  63  1     0  146    0    0    0  1
 563.7478    0.2405   0.01796 10072  5.776   3934      0  63  1     0  131    0    0    0  0
 565.3679   0.05877   0.01511 10093  5.195   3553      0  63  1     0   98    0    0    0  1
 565.6329  0.008324    0.0146 10144  5.837   2991      0  63  1     0  139    0    0    0  0
 566.6413  -0.09134   0.01297 10233  4.936   2806      0  63  1     0  155    0    0    0  0
 568.8152   -0.2295   0.01136 10288  5.265   4213      0  63  1     0  115    0    0    0  0
 571.6551  -0.01644   0.01404 10353  5.217   2927      0  63  1     0  150    0    0    0  0
 571.8237  -0.01372   0.01393 10389  4.646   2691      0  63  1     0  149    0    0    0  0
  572.605   0.02802   0.01467 10429  4.409   6394      0  63  1     0  168    0    0    0  0
 573.6393    0.3791   0.01968 10502  5.113   7263      0  63  1     0  142    0    0    0  0
 573.8315    0.4428   0.02037 10542  5.099   3123      0  63  1     0  119    0    0    0  0
 576.6665    0.2729   0.01816 10573  5.356 1.253e+04      0  63  1     0  155    0    0    0  0
 576.7971    0.2417   0.01753 10600  3.672   6036      0  63  1     0  182    0    0    0  0
 577.8331    0.1293   0.01664 10622  6.712   7019      0  63  1     0   98    4    0    0  0
 578.6018   0.01672   0.01567 10637  6.681 2.809e+04      0  63  1     0  126   14    0    0  0
  578.822 -0.003677   0.01422 10667   4.51 1.141e+04      0  63  1     0  133    0    0    0  0
 578.8316  0.007396   0.01438 10668  5.259 1.202e+04      0  63  1     0  133    0    0    0  1
 580.6235   -0.1481   0.01256 10710  4.983 1.671e+04      0  63  1     0  121    0    0    0  0
 580.8222   -0.1789   0.01172 10751   3.81   9521      0  63  1     0  167    0    0    0  1
 581.6221   -0.2238   0.01124 10809  4.249 1.313e+04      0  63  1     0  120    0    0    0  0
 584.8008 -0.008255   0.01662 10876  4.647 1.388e+04      0  63  1     0  110    0    0    0  0
 585.6108   0.02991   0.01518 10933  6.905   4853      0  63  1     0  112   10    0    0  0
  585.817   0.04328   0.01473 10966  4.387   4067      0  63  1     0  147    0    0    0  1
 586.5894    0.3243   0.01917 11003  6.881   2525      0  63  1     0  110   11    0    0  0
 586.8148    0.4035   0.02032 11049  7.804   3206      0  63  1     0   97   17    0    0  1
 587.6005    0.4846   0.02118 11108   6.64   3174      0  63  1     0  150   11    0    0  0
 587.8179    0.5276   0.02157 11152  4.541   3165      0  63  1     0  190    0    0    0  1
 588.6314    0.4243   0.02011 11180  4.674   2764      0  63  1     0  211    0    0    0  0
 589.7524    0.2729    -0.022 11237  10.13   3268      0  63  1     0   88   45    0    0  0
 591.7407   0.02424   0.01542 11250  6.903   3900      0  63  1     0  111    7    0    0  0
 592.5808  -0.05637    0.0142 11303  7.208   3704      0  63  1     0   92   16    0    0  0
 592.7999  -0.09134   0.01315 11334  6.522   2726      0  63  1     0  118    1    0    0  1
 593.5667    -0.152  -0.01421 11365  8.772   3056      0  63  1     0   81   37    0    0  0
 593.7986   -0.1774   0.01174 11410  5.712   2518      0  63  1     0   99    0    0    0  1
 594.5767   -0.2245   0.01107 11467  4.415   3043      0  63  1     0  165    0    0    0  0
 595.5666   -0.2323   0.01096 11536  4.419   3383      0  63  1     0  181    0    0    0  0
 595.8057   -0.2245  -0.01107 11574  4.179   2883      0  63  1     0  140    0    0  167  1
 596.5834   -0.1145    -0.018 11622  8.353   5102      0  63  1     0   93   33    0    0  0
 597.6674  0.005542       -99 11640  12.21   3158      0  63  0     0    0  128    0  128  0
 597.7841  -0.02006   0.01398 11665  5.359   2726      0  63  1     0  116    0    0    0  0
 597.8022  -0.03439   0.01378 11667  5.302   2792      0  63  1     0  162    0    0    0  1
 598.5636  -0.01099   0.01432 11709  6.085   3384      0  63  1     0  130    2    0    0  0
 599.5488    0.2156   0.01735 11767  3.896   4601      0  63  1     0  187    0    0    0  0
 600.5507    0.4818   0.02115 11870  4.547   6753      0  63  1     0  187    0    0    0  0
 601.5289    0.4723   0.02101 11934  4.613   8043      0  63  1     0  161    0    0    0  0
 601.8234    0.4348   0.02026 11987  3.998 1.077e+04      0  63  1     0  156    0    0    0  0
 602.7496    0.2918   0.01843 11988  3.359   4276      0  63  1     0  145    0    0    0  0
 603.7822    0.1545    0.0163 12014  4.219   2353      0  63  1     0  122    0    0    0  0
